111.8037065265462
0.
93.34836833131911
0.
90.40388454088517
0.
87.89061041801334
0.
75.75544947121628
0.
53.99840170049401
0.
22.61946710584651
0.
93.34836833131911
0.
126.25908245202713
0.
99.5699004030813
0.
91.19231999350853
0.
80.18239019937684
0.
62.351320815899825
0.
37.69911184307752
0.
90.40388454088517
0.
99.5699004030813
0.
105.40954539561531
0.
90.3299006583843
0.
80.30146546106391
0.
65.27114331216683
0.
45.23893421169302
0.
87.89061041801334
0.
91.19231999350853
0.
90.3299006583843
0.
85.30335241264063
0.
81.1392235020212
0.
62.75786918929499
0.
45.23893421169302
0.
75.75544947121628
0.
80.18239019937684
0.
80.30146546106391
0.
81.1392235020212
0.
75.99359999459044
0.
71.5666592664299
0.
37.69911184307752
0.
53.99840170049401
0.
62.351320815899825
0.
65.27114331216683
0.
62.75786918929499
0.
71.5666592664299
0.
61.53822406910951
0.
45.23893421169302
0.
22.61946710584651
0.
37.69911184307752
0.
45.23893421169302
0.
45.23893421169302
0.
37.69911184307752
0.
45.23893421169302
0.
0
0.